<?xml version="1.0"?>
<opencv_storage>
<CameraMatrix type_id="opencv-matrix">
  <rows>3</rows>
  <cols>4</cols>
  <dt>d</dt>
  <data>
    9.9996250486269200e-01 -1.6586205150361901e-03
    8.4992850709379297e-03 -2.3830130935448199e+02
    1.7615516377958401e-03 9.9992502970465902e-01
    -1.2117421588921099e-02 4.7586388612155801e+00
    -8.4785496729892496e-03 1.2131939174071600e-02
    9.9989045912405805e-01 1.5921992582191599e+01</data></CameraMatrix>
<Intrinsics type_id="opencv-matrix">
  <rows>3</rows>
  <cols>3</cols>
  <dt>d</dt>
  <data>
    8.1620921132436638e+02 0. 6.1267087968681585e+02 0.
    8.1618292222910486e+02 5.3047901782670431e+02 0. 0. 1.</data></Intrinsics>
<Distortion type_id="opencv-matrix">
  <rows>8</rows>
  <cols>1</cols>
  <dt>d</dt>
  <data>
    -5.1088507540294881e+00 1.3363995617304997e+02
    -1.0048069080912836e-03 1.8825291386406282e-04
    2.0688286893903879e+01 -4.7604289550474768e+00
    1.3242412342224557e+02 7.0011953640297520e+01</data></Distortion>
</opencv_storage>
