<?xml version="1.0"?>
<opencv_storage>
<CameraMatrix type_id="opencv-matrix">
  <rows>3</rows>
  <cols>4</cols>
  <dt>d</dt>
  <data>
    9.9580944212407096e-01 -4.7310479689230802e-04
    9.1451250119380004e-02 -4.6130127448570499e+02
    1.6504645521041900e-03 9.9991672756284999e-01
    -1.2798980692397700e-02 6.2264812136208798e+00
    -9.1437579491741194e-02 1.2896282869621000e-02
    9.9572729948758498e-01 6.3491113286073301e+01</data></CameraMatrix>
<Intrinsics type_id="opencv-matrix">
  <rows>3</rows>
  <cols>3</cols>
  <dt>d</dt>
  <data>
    7.9842980806905666e+02 0. 6.4648130011561727e+02 0.
    7.9846535448393979e+02 5.2391590563194586e+02 0. 0. 1.</data></Intrinsics>
<Distortion type_id="opencv-matrix">
  <rows>8</rows>
  <cols>1</cols>
  <dt>d</dt>
  <data>
    -5.7530495294002304e-01 -5.4721992620722582e-01
    -3.7614702677289967e-04 -8.1995658363481598e-04
    -2.0321660897680775e-02 -1.8040544059116842e-01
    -8.7724444571603022e-01 -1.3136636671099691e-01</data></Distortion>
</opencv_storage>
